47 2
68 3
230 4
38 6
107 7
22 8
5 9
79 10
51 11
229 12
39 13
251 14
77 15
250 16
75 17
52 18
67 19
186 20
238 21
231 22
15 23
252 24
76 25
43 26
66 27
63 28
7 29
57 30
41 31
45 32
64 33
201 34
13 35
4 36
89 37
73 38
74 39
93 40
12 41
49 42
235 43
205 44
40 45
6 46
35 47
143 48
206 49
160 50
259 51
262 52
261 53
103 54
257 55
216 56
263 57
195 58
255 59
256 60
268 62
120 63
266 64
267 66
168 67
269 68
270 69
271 70
272 71
273 72
274 73
276 79
277 80
278 81
279 82
280 83
281 84
282 86
172 88
183 89
283 91
284 92
285 93
286 94
287 95
225 97
288 98
215 99
289 100
290 101
292 102
233 103
293 104
